00000000000000000000000000000000000000000000000000000000000
00000000000000000000000000000000000000000000000000000001000
00000000000000000000000000000000000000000000000000000001000
00000000000000000000000000000000000000000000000000000001000
00000000000000000000000000000000000000000000000000000001000
00000000000000000000000000000000000000000000000000000001000
00000000000000000000000000000000000000000000000000000001000
00000000000000000000000000000000000000000000000000000001000
00000000000000000000000000000000000000000000000000000001000
00000000000000000000000000000000000000000000000000000001000
00000000000000000000000000000000000000000000000000000001000
00000000000000000000000000000000000000000000000000000001000
00000000000000000000000000000000000000000000000000000001000
00000000000000000000000000000000000000000000000000000001000
00000000000000000000000000000000000000000000000000000001000
00000000000000000000000000000000000000000000000000000001000
00000000000000000000000000000000000000000000000000000001000
00000000000000000000000000000000000000000000000000000001000
00000000000000000000000000000000000000000000000000000001000
00000000000000000000000000000000000000000000000000000001000
00000000000000000000000000000000000000000000000000000001000
00000000000000000000000000000000000000000000000000000001000
00000000000000000000000000000000000000000000000000000001000
00000000000000000000000000000000000000000000000000000001000
00000000000000000000000000000000000000000000000000000001000
00000000000000000000000000000000000000000000000000000001000
00000000000000000000000000000000000000000000000000000001000
00000000000000000000000000000000000000000000000000000000000
00000000000000000000000000000000000000000000000000000000000
00000000000000000000000000000000000000000000000000000000000
00000000000000001111111100000000000000000000000000000000000
00000000000000000000000000000000000000000000000000000000000
00000000000000000000000000000000000000000000000000000000000
00000000000000000000000000000000000000000000000000000000000
00000000000000000000000000000000000000000000000000000000000
00000000000000000000000000000000000000000000000000000000000