00000000000000000000000000000000000000000000000000000000000
00000011111111111111111111111111111111111111000000000000000
00000000001000000000000000000000000000000000000000000000000
00000000000000000000000000000000000000000000000000000000000
00000000001000000000000000000000000000000000000000000000000
00000000001000000000000000000000000000000000000000000000000
00000000001000000000000000000000000000000000000000000000000
00000000001110000000000000000000000000000000000000000000000
00000000000000000000000000000000000000000000000000000000000
00000000000000000000000000000000000000000000000000000000000
00000000000000000000000000000000000000000000000000000000000
00000000000000000000000000000000000000000000000000000000000
00000000000000000000000000000000000000000000000000000000000
00000000000000000000000000000000000000000000000000000000000
00000000000000000000000000000000000000000000000000000000000
00000000000000000000000000000000000000000000000000000000000
00000000000000000000000000000000000000000000000000000000000
00000000000000000000000000000000000000000000000000000000000
00000000000000000000000000000000000000000000000000000000000
00000000000000000000000000000000000000000100000000000000000
00000000000000000000000000000000000000000100000000000000000
00000000000000000000000000000000000000000100000000000000000
00000000000000000000000000000000000000000111100000000000000
00000000000000000000000000000000000000000100000000000000000
00000000000000000000000000000000000000000100000000000000000
00000000000000000000000000000000000000000100000000000000000
00000000000000000000000000000000000000000100000000000000000
00000000000000000000000000000000000000000000000000000000000
00000000000000000000000000000000000000000000000000000000000
00000000000000000000000000000000000000000000000000000000000
00000000000000001111111100000000000000000000000000000000000
00000000000000000000000000000000000000000000000000000000000
00000000000000000000000000000000000000000000000000000000000
00000000000000000000000000000000000000000000000000000000000
00000000000000000000000000000000000000000000000000000000000
00000000000000000000000000000000000000000000000000000000000